y=[ 2.00000E+01,
 2.01481E+01,
 2.04241E+01,
 2.08280E+01,
 2.13662E+01,
 2.20274E+01,
 2.28032E+01,
 2.36855E+01,
 2.46638E+01,
 2.57357E+01,
 2.68889E+01,
 2.81210E+01,
 2.94206E+01,
 3.07834E+01,
 3.22053E+01,
 3.36758E+01,
 3.51936E+01,
 3.67485E+01,
 3.83377E+01,
 3.99579E+01,
 4.16021E+01,
 4.32640E+01,
 4.49705E+01,
 4.66586E+01,
 4.83521E+01,
 5.00507E+01,
 5.17490E+01,
 5.34438E+01,
 5.51304E+01,
 5.68091E+01,
 5.84754E+01,
 6.01268E+01,
 6.17610E+01,
 6.34008E+01,
 6.49653E+01,
 6.65353E+01,
 6.81055E+01,
 6.96211E+01,
 7.11088E+01,
 7.25673E+01,
 7.39953E+01,
 7.53927E+01,
 7.67567E+01,
 7.80883E+01,
 7.93860E+01,
 8.06484E+01,
 8.18765E+01,
 8.30692E+01,
 8.42256E+01,
 8.53467E+01,
 8.64318E+01,
 8.74808E+01,
 8.84933E+01,
 8.94703E+01,
 9.04264E+01,
 9.13311E+01,
 9.22003E+01,
 9.30348E+01,
 9.38346E+01,
 9.46005E+01,
 9.53327E+01,
 9.60318E+01,
 9.66983E+01,
 9.73327E+01,
 9.79357E+01,
 9.85079E+01,
 9.90500E+01,
 9.95627E+01,
 1.00047E+02,
 1.00502E+02,
 1.00931E+02,
 1.01333E+02,
 1.01709E+02,
 1.02060E+02,
 1.02387E+02,
 1.02695E+02,
 1.02975E+02,
 1.03234E+02,
 1.03471E+02,
 1.03687E+02,
 1.03884E+02,
 1.04061E+02,
 1.04221E+02,
 1.04363E+02,
 1.04488E+02,
 1.04598E+02,
 1.04691E+02,
 1.04771E+02,
 1.04837E+02,
 1.04889E+02,
 1.04929E+02,
 1.04956E+02,
 1.04972E+02,
 1.04978E+02,
 1.04974E+02,
 1.04960E+02,
 1.04937E+02,
 1.04906E+02,
 1.04867E+02,
 1.04820E+02,
 1.04767E+02,
 1.04708E+02,
 1.04641E+02,
 1.04571E+02,
 1.04495E+02,
 1.04416E+02,
 1.04332E+02,
 1.04244E+02,
 1.04154E+02,
 1.04060E+02,
 1.03964E+02,
 1.03866E+02,
 1.03765E+02,
 1.03663E+02,
 1.03560E+02,
 1.03456E+02,
 1.03350E+02,
 1.03246E+02,
 1.03138E+02,
 1.03033E+02,
 1.02927E+02,
]
#print(len(y))
x=[x for x in range(0, (len(y)*6), 6)]

z=[ 2.00000E+01,
 2.03333E+01,
 2.09500E+01,
 2.18647E+01,
 2.30698E+01,
 2.45578E+01,
 2.63036E+01,
 2.82833E+01,
 3.04907E+01,
 3.29027E+01,
 3.54975E+01,
 3.83162E+01,
 4.12428E+01,
 4.43063E+01,
 4.74980E+01,
 5.08092E+01,
 5.42215E+01,
 5.77176E+01,
 6.12907E+01,
 6.49339E+01,
 6.86312E+01,
 7.23724E+01,
 7.61476E+01,
 8.00059E+01,
 8.38179E+01,
 8.76375E+01,
 9.14566E+01,
 9.52678E+01,
 9.90608E+01,
 1.02894E+02,
 1.06638E+02,
 1.10349E+02,
 1.14021E+02,
 1.17646E+02,
 1.21227E+02,
 1.24754E+02,
 1.28226E+02,
 1.31635E+02,
 1.34984E+02,
 1.38267E+02,
 1.41481E+02,
 1.44624E+02,
 1.47692E+02,
 1.50686E+02,
 1.53605E+02,
 1.56446E+02,
 1.59254E+02,
 1.61934E+02,
 1.64534E+02,
 1.67053E+02,
 1.69492E+02,
 1.71849E+02,
 1.74126E+02,
 1.76320E+02,
 1.78436E+02,
 1.80471E+02,
 1.82427E+02,
 1.84304E+02,
 1.86104E+02,
 1.87854E+02,
 1.89500E+02,
 1.91071E+02,
 1.92569E+02,
 1.93995E+02,
 1.95351E+02,
 1.96637E+02,
 1.97856E+02,
 1.99008E+02,
 2.00096E+02,
 2.01137E+02,
 2.02100E+02,
 2.03003E+02,
 2.03848E+02,
 2.04636E+02,
 2.05370E+02,
 2.06051E+02,
 2.06681E+02,
 2.07261E+02,
 2.07793E+02,
 2.08280E+02,
 2.08722E+02,
 2.09122E+02,
 2.09481E+02,
 2.09805E+02,
 2.10082E+02,
 2.10331E+02,
 2.10542E+02,
 2.10720E+02,
 2.10867E+02,
 2.10984E+02,
 2.11073E+02,
 2.11136E+02,
 2.11173E+02,
 2.11185E+02,
 2.11175E+02,
 2.11144E+02,
 2.11093E+02,
 2.11022E+02,
 2.10935E+02,
 2.10831E+02,
 2.10712E+02,
 2.10578E+02,
 2.10432E+02,
 2.10273E+02,
 2.10103E+02,
 2.09924E+02,
 2.09736E+02,
 2.09539E+02,
 2.09335E+02,
 2.09125E+02,
 2.08905E+02,
 2.08684E+02,
 2.08458E+02,
 2.08229E+02,
 2.07998E+02,
 2.07764E+02,
 2.07528E+02,
 2.07291E+02,
 2.07054E+02,
 2.06816E+02,
 2.06579E+02,
 2.06343E+02,
 2.06104E+02,
 2.05871E+02,
 2.05639E+02,
]
#print(len(z))
t=[x for x in range(0, (len(z)*6), 6)]

g = Graphics()
g += list_plot(list(zip(x, y)), plotjoined=True, color='blue')
g += list_plot(list(zip(t, z)), plotjoined=True, color='green')
g += list_plot(list(zip([0, 800], [100, 100])), plotjoined=True, color='blue', linestyle="--")
g += list_plot(list(zip([0, 800], [200, 200])), plotjoined=True, color='green', linestyle="--")
g.show()
